[Leetcode-二分查找]

[-第K大数]
719(key=不是堆)
778(key=不是堆)
786(key=不是堆)
1439(key=二分)

[-入门题目]
704(key=入门经典 star=5)
35(key=入门经典2 star=5) 
69(key=入门平方根) 
278(key=入门)
367(key=入门平方根) 

[-循环数组]
33(key=循环偏移后的二分查找 star=5)
81(key=循环数组) 
153(key=循环数组)
154

[-子数组]
209(key=子数组前缀与二分)

[-medium]
34(key=上下界经典题 star=5) 
74(key=搜索二维矩阵 star=5)
162(key=寻找峰值)
275 287 300 378 436 454 475 497 528 540 658 718 875 911 
981 1011 1111 1170 1201 1237 1283 1292 
1300 1482 1552 1562 1574 1590 1631 1642 1658 
1712 1760 1802 1818 1855 1856 1870 1884

[-hard]
174
327 352 354 363 410 483 493 668 710 
793 862 878 887 927 1044 1095 1157 1235 
1521 1649 1739 1751 1840 1847 1889

[-其他类型]
167(key=双指针)