[动态规划]

[-热身]
53 121 746 70

[-树塔]
118 119 64 120 931 1289 1301

[-斐波那契数列]
509 1137 70 746 198 213

[-记忆化搜索]
139 140 329

[-0/1背包]
416 494 1049 474 956

[-完全背包]
322 518 377 638 1449

[-计数DP]
62 63 91 576 790 935 1155 1641 1220 1223 552 1269 1420 1575 1639

[-概率DP]
688 808

[-树状DP]
96 823 1130 968

[-最优解问题]
279 368 646 650 801 813 1262 1537 309 714983 123 188 256 265 1473 1235 1335
1187 514

[-博弈]
292 1025 464 486 877 1140 1406 1510

[-区间DP]
312 546 664 1478 1547 1563 1039 221 1139 1277 85

[-子序列/子字符串]
718 1035 1143 1458 674 300 673 354 1626 1092 1218 943

[-回文子序列]
516 5 647 730 131 132

[-字符串DP]
583 712 72 97 1312

[-正则表达式匹配]
678 10 44 639 14 741 1320 1463

[-DP优化]
837 1340 1696 1416 1425 1434 1444 1621 15 1125 1349 1655

[-轮廓线动态规划]
1659

