[Leetcode-动态规划]

[-子序列]
53 121 303(key=前缀和) 304(key=2维前缀和)

[-特殊数列]
70 746 509 198 213(key=循环序列) 1770 264(key=斐波拉契数列的变种) 413(key=子数列等差数列)

[-树塔]
118 120 931(key=修正边界) 1289 1301(key=记忆路径)

[-计数DP]
62 64 63 91(key=合法数字) 576(key=三维DP入门) 790(key=经典铺地板 star=5) 
935 1155(key=投色子 star=5)
1641 1223 1220 552 
1269 1420 1575 1639

[-记忆化搜索]
139 140 329

[-0/1背包]
416 494 1049 474 956

[-完全背包]
322 518 377 638 1449

[-概率DP]
688 808

[-树状DP]
96 823 1130 968

[-最优解问题]
279 368 646 650 801 813 1262 1537 309 714 983 123 188 256 265 1473 1235 1335
1187 514

[-博弈]
292 1025 464 486 877 1140 1406 1510 375(key=猜数字大小)

[-区间DP]
312 546 664 1478 1547 1563 1039 221 1139 1277 85

[-子序列2]
718 1035 1143 1458 674 300 673 354 1626 1092 1218 943 152(key=经典子数组) 
392(key=子序列字符串经典题)
523(key=子序列和)
698(key=子序列和)
740(key=选择与删除)

[-回文子序列]
516 5 647 730 131 132

[-字符串DP]
583 712 72 97 1312 32(key=分情况讨论) 87(key=二叉树)
467(key=环绕字符串)

[-正则表达式匹配]
678 10 44 639 14 741 1320 1463

[-DP优化]
837 1340 1696 1416 1425 1434 1444 1621 15 1125 1349 1655

[-轮廓线动态规划]
1659 42(key=建模)

[-二进制与DP]
338

[-数字拆分]
343

[-未分类]
764 787 799 838 873 898 978 1024 1027
1043 1048 1105 1186 1191 1227 1314 1339 1367 1372 1405
1423 1477 1504 1546 1594 1654 1664 1690 1706 357

95 115 174 321 363 403 410 446 466 472 517 600 629 689 691
818 847 871 879 887 902 903 920 940 960 964 975 982 1000 1012 1074 
1147 1240 1278 1326 1363 1373 1388 1397 1402 1411 1569
1359 1553 1537 1531 1483 1595 1643 1611 1745 1601 1671 1687 1691
1728 1751  1771

